2.3333333333333335
3.95
3.183333333333333
2.683333333333333
2.0
1.5666666666666667
2.566666666666667
2.75
2.15
3.433333333333333
2.316666666666667
2.0833333333333335
3.35
1.7166666666666666
2.8
2.1
2.933333333333333
2.566666666666667
3.033333333333333
2.7333333333333334
2.5166666666666666
2.4166666666666665
3.3
2.433333333333333
1.7666666666666666
2.25
2.6666666666666665
2.2666666666666666
3.05
3.1
3.183333333333333
3.15
2.7
2.2333333333333334
2.7666666666666666
2.4833333333333334
2.1666666666666665
2.316666666666667
1.85
2.5833333333333335
4.25
2.3
2.1666666666666665
2.783333333333333
2.6666666666666665
2.2
2.8833333333333333
2.3
2.1333333333333333
2.5833333333333335
2.35
2.1333333333333333
2.1666666666666665
2.216666666666667
2.25
3.316666666666667
2.216666666666667
2.6666666666666665
2.0833333333333335
2.716666666666667
2.3666666666666667
2.6333333333333333
1.7833333333333334
2.3
2.9166666666666665
2.0
3.0833333333333335
2.7666666666666666
2.783333333333333
2.9166666666666665
2.7
2.316666666666667
3.033333333333333
2.183333333333333
2.3
2.9
2.6666666666666665
2.65
2.783333333333333
2.8666666666666667
2.1166666666666667
2.5
2.683333333333333
2.8333333333333335
2.783333333333333
2.3333333333333335
2.3333333333333335
2.4
1.65
1.7833333333333334
2.783333333333333
2.533333333333333
2.533333333333333
2.8666666666666667
2.533333333333333
3.1
2.3
2.0
2.533333333333333
2.9
2.35
2.8
2.6
2.8333333333333335
4.033333333333333
3.033333333333333
1.8833333333333333
2.783333333333333
2.3333333333333335
3.25
2.75
2.65
3.3666666666666667
2.5166666666666666
2.95
1.9833333333333334
2.4
2.8
2.2666666666666666
2.3666666666666667
2.3833333333333333
2.2666666666666666
2.033333333333333
2.566666666666667
2.85
2.75
2.9
2.8666666666666667
3.1
2.5166666666666666
2.816666666666667
2.2333333333333334
2.8333333333333335
2.316666666666667
2.8833333333333333
2.316666666666667
2.716666666666667
2.4166666666666665
2.1333333333333333
2.0166666666666666
2.3333333333333335
2.1666666666666665
1.7833333333333334
2.0166666666666666
2.9
2.9166666666666665
2.35
1.9166666666666667
2.35
2.466666666666667
2.2666666666666666
2.683333333333333
2.1333333333333333
3.0
2.55
2.4833333333333334
2.3666666666666667
2.5166666666666666
2.783333333333333
1.9833333333333334
1.95
2.1166666666666667
2.8
3.0833333333333335
2.6
2.7
2.6166666666666667
2.55
2.3333333333333335
2.3833333333333333
2.966666666666667
2.3833333333333333
2.316666666666667
2.0833333333333335
3.0
2.1166666666666667
1.7333333333333334
2.5833333333333335
2.033333333333333
2.8
2.9
2.316666666666667
2.6666666666666665
3.2
2.15
2.183333333333333
3.1166666666666667
2.8833333333333333
2.4166666666666665
2.05
2.6666666666666665
2.1666666666666665
2.1333333333333333
2.783333333333333
2.9
2.95
1.95
2.433333333333333
2.683333333333333
2.3333333333333335
2.95
2.65
3.8333333333333335
2.6666666666666665
3.5
2.683333333333333
2.8833333333333333
2.7333333333333334
2.7333333333333334
2.1166666666666667
2.433333333333333
2.8
3.8666666666666667
2.683333333333333
2.533333333333333
2.6666666666666665
2.283333333333333
2.25
2.1333333333333333
2.65
2.433333333333333
2.5833333333333335
2.35
2.683333333333333
3.716666666666667
2.1333333333333333
2.566666666666667
2.433333333333333
2.933333333333333
2.683333333333333
2.6666666666666665
1.9833333333333334
2.933333333333333
2.3
2.65
3.9
2.9
2.683333333333333
2.8666666666666667
3.066666666666667
1.9833333333333334
2.7666666666666666
2.4833333333333334
4.216666666666667
2.6
3.2
2.8666666666666667
1.8333333333333333
2.95
2.716666666666667
2.7
2.783333333333333
2.7
3.183333333333333
1.7833333333333334
2.8
2.3833333333333333
2.3
2.0
2.2666666666666666
2.1333333333333333
2.4
3.2
2.5833333333333335
1.85
2.4
1.9333333333333333
3.3
3.6666666666666665
1.4666666666666666
3.2333333333333334
3.3666666666666667
2.533333333333333
2.95
2.6
2.1333333333333333
2.6166666666666667
2.8666666666666667
3.0833333333333335
2.5833333333333335
2.183333333333333
2.5833333333333335
3.066666666666667
3.1166666666666667
2.9166666666666665
2.816666666666667
1.7
2.5
2.2666666666666666
2.466666666666667
2.2666666666666666
2.783333333333333
2.566666666666667
2.55
2.1333333333333333
2.816666666666667
4.3
2.3833333333333333
2.25
4.183333333333334
2.5166666666666666
2.8
2.9
1.9333333333333333
1.8333333333333333
2.933333333333333
2.466666666666667
2.4833333333333334
3.183333333333333
2.4833333333333334
2.533333333333333
2.2333333333333334
2.6
1.7333333333333334
3.2
2.433333333333333
3.9166666666666665
2.0166666666666666
3.0166666666666666
2.3333333333333335
2.4166666666666665
1.8166666666666667
2.5166666666666666
2.8333333333333335
2.533333333333333
2.8333333333333335
3.0166666666666666
2.85
3.1333333333333333
3.25
2.0833333333333335
2.433333333333333
2.6
2.25
2.3833333333333333
2.65
2.1333333333333333
3.1
2.2
2.6166666666666667
2.4833333333333334
2.683333333333333
2.9
2.533333333333333
1.5
2.4
2.716666666666667
2.4166666666666665
2.566666666666667
2.2666666666666666
2.533333333333333
2.1666666666666665
2.3833333333333333
2.816666666666667
2.7
3.1
2.533333333333333
3.066666666666667
2.0833333333333335
2.316666666666667
2.933333333333333
2.0166666666666666
2.033333333333333
2.8
1.9333333333333333
2.7666666666666666
2.6
2.6
3.15
2.5166666666666666
2.45
2.6333333333333333
2.55
2.283333333333333
2.283333333333333
2.6666666666666665
2.1166666666666667
2.933333333333333
2.5
2.9
2.8666666666666667
2.1166666666666667
2.4833333333333334
2.033333333333333
2.4833333333333334
3.0
2.283333333333333
1.6
2.8333333333333335
2.683333333333333
1.35
2.9833333333333334
2.7666666666666666
2.6333333333333333
4.033333333333333
2.0
2.6666666666666665
4.066666666666666
2.1333333333333333
2.783333333333333
1.8333333333333333
3.466666666666667
2.6333333333333333
2.6333333333333333
2.8
2.5833333333333335
3.2666666666666666
3.1
4.183333333333334
2.2666666666666666
2.4166666666666665
3.066666666666667
1.8333333333333333
2.35
2.55
2.533333333333333
2.933333333333333
2.7333333333333334
2.7333333333333334
3.4166666666666665
2.55
2.3666666666666667
2.95
2.6
2.466666666666667
2.3666666666666667
2.3333333333333335
2.7666666666666666
2.466666666666667
2.816666666666667
2.933333333333333
3.033333333333333
3.9166666666666665
3.0
1.6833333333333333
2.05
3.0833333333333335
2.7
2.783333333333333
2.5833333333333335
3.0
2.6333333333333333
2.0
3.1666666666666665
2.1666666666666665
3.05
3.9833333333333334
2.683333333333333
2.6666666666666665
3.1
3.0166666666666666
2.6166666666666667
4.1
2.8
2.2666666666666666
2.65
2.5833333333333335
2.55
2.0833333333333335
2.6333333333333333
2.35
2.65
2.316666666666667
3.316666666666667
2.3833333333333333
2.95
3.2666666666666666
2.683333333333333
2.8833333333333333
3.6166666666666667
3.25
3.0166666666666666
2.65
2.183333333333333
1.85
3.966666666666667
3.25
2.933333333333333
2.55
3.1166666666666667
2.283333333333333
2.7333333333333334
2.7666666666666666
3.6166666666666667
2.55
2.4166666666666665
2.5833333333333335
3.3
2.3
2.3
3.716666666666667
4.166666666666667
2.8
2.3
2.533333333333333
2.2333333333333334
2.05
2.65
3.0833333333333335
2.35
3.8333333333333335
2.6166666666666667
4.35
2.283333333333333
2.683333333333333
2.9833333333333334
2.566666666666667
2.216666666666667
2.6333333333333333
3.7333333333333334
2.7666666666666666
2.466666666666667
2.933333333333333
2.183333333333333
3.2666666666666666
2.7666666666666666
2.283333333333333
2.15
2.783333333333333
1.6666666666666667
2.8833333333333333
2.3
2.4
2.7
2.283333333333333
3.1166666666666667
3.1333333333333333
2.9166666666666665
2.55
2.8333333333333335
3.0
2.15
2.8
2.433333333333333
2.5833333333333335
1.85
2.4833333333333334
3.1333333333333333
3.933333333333333
2.5
2.65
3.1166666666666667
2.5
2.216666666666667
3.8833333333333333
1.8833333333333333
2.6666666666666665
3.6166666666666667
2.183333333333333
2.533333333333333
3.7333333333333334
2.8666666666666667
2.95
3.4166666666666665
2.783333333333333
2.5833333333333335
1.95
2.3333333333333335
2.966666666666667
2.283333333333333
4.066666666666666
2.8666666666666667
3.0833333333333335
2.9833333333333334
4.05
2.35
3.5
2.4166666666666665
3.716666666666667
2.3833333333333333
2.9
3.3333333333333335
2.683333333333333
2.9166666666666665
2.9166666666666665
2.55
2.9166666666666665
2.1333333333333333
2.5166666666666666
2.716666666666667
2.8666666666666667
3.8333333333333335
2.5
2.566666666666667
2.2
4.116666666666666
1.7666666666666666
3.0166666666666666
2.5833333333333335
2.7666666666666666
2.65
4.533333333333333
3.783333333333333
2.466666666666667
2.283333333333333
2.8333333333333335
2.9166666666666665
2.35
2.7333333333333334
3.35
2.25
2.65
4.316666666666666
2.8
2.6666666666666665
2.9833333333333334
2.55
2.316666666666667
2.466666666666667
1.8666666666666667
2.7666666666666666
2.3
2.0833333333333335
3.033333333333333
2.6666666666666665
2.0166666666666666
2.4833333333333334
3.0
2.966666666666667
2.5
2.783333333333333
2.2
3.0166666666666666
2.7
3.1
2.6
2.533333333333333
2.6333333333333333
2.8666666666666667
3.783333333333333
3.4
2.2
3.6
3.3833333333333333
2.9
3.5833333333333335
2.7
2.4
4.183333333333334
2.6
2.4833333333333334
2.7
2.2
2.6
2.783333333333333
3.6333333333333333
3.7
2.6666666666666665
2.2
2.45
2.65
2.6333333333333333
2.5833333333333335
2.5166666666666666
3.316666666666667
2.6
2.4166666666666665
2.8
2.55
2.5
2.3833333333333333
2.933333333333333
2.95
2.4
2.55
2.933333333333333
2.3
2.183333333333333
3.183333333333333
3.05
2.6
2.466666666666667
3.0833333333333335
2.85
4.016666666666667
2.6
2.283333333333333
3.8333333333333335
2.683333333333333
2.1166666666666667
2.7333333333333334
3.85
2.8666666666666667
2.85
4.366666666666666
2.6
2.7333333333333334
1.6166666666666667
2.533333333333333
3.55
2.4833333333333334
2.3666666666666667
2.783333333333333
1.6166666666666667
4.516666666666667
2.316666666666667
3.4166666666666665
2.3333333333333335
3.2666666666666666
1.85
3.066666666666667
3.316666666666667
2.4833333333333334
2.6166666666666667
2.433333333333333
1.9166666666666667
2.066666666666667
1.9
2.816666666666667
1.9333333333333333
2.6666666666666665
2.6166666666666667
2.533333333333333
2.7333333333333334
4.433333333333334
1.5
2.033333333333333
2.65
2.2333333333333334
3.95
2.6
4.2
2.7666666666666666
4.283333333333333
2.533333333333333
3.0
3.3833333333333333
1.6166666666666667
2.6666666666666665
2.5
3.966666666666667
2.7333333333333334
2.6
2.95
2.5
2.15
2.6666666666666665
4.483333333333333
2.45
2.6
2.6166666666666667
2.6166666666666667
2.966666666666667
2.3833333333333333
2.816666666666667
3.2666666666666666
2.533333333333333
2.75
2.566666666666667
3.5
3.1
2.433333333333333
4.016666666666667
2.35
4.25
1.3166666666666667
1.4333333333333333
3.7333333333333334
2.25
2.6666666666666665
2.066666666666667
4.033333333333333
2.6
2.6
2.6333333333333333
2.466666666666667
2.7666666666666666
3.0166666666666666
2.5833333333333335
3.566666666666667
2.5833333333333335
4.133333333333334
2.5166666666666666
2.8833333333333333
2.4833333333333334
3.25
2.25
2.8
3.8333333333333335
3.066666666666667
2.5166666666666666
2.816666666666667
4.316666666666666
3.4
2.6666666666666665
2.85
2.3666666666666667
1.3833333333333333
1.5333333333333334
2.9166666666666665
2.683333333333333
2.9
2.85
3.2333333333333334
2.566666666666667
2.566666666666667
2.7666666666666666
4.166666666666667
3.1166666666666667
2.0166666666666666
2.6333333333333333
2.783333333333333
2.8
2.8333333333333335
2.45
2.2
2.966666666666667
2.1
2.8333333333333335
2.9
2.4166666666666665
3.9166666666666665
3.1333333333333333
2.9166666666666665
1.3166666666666667
2.9
2.6666666666666665
3.05
2.966666666666667
2.9
1.9
2.15
2.966666666666667
2.283333333333333
2.9166666666666665
2.8
2.933333333333333
2.283333333333333
2.2
2.816666666666667
2.3833333333333333
2.966666666666667
3.2
2.6166666666666667
2.783333333333333
4.0
2.316666666666667
4.216666666666667
3.2666666666666666
3.7333333333333334
2.4166666666666665
2.683333333333333
2.4166666666666665
2.7666666666666666
3.2333333333333334
1.7333333333333334
2.75
2.9166666666666665
2.6666666666666665
3.6166666666666667
2.25
2.8
2.5166666666666666
2.8
4.1
3.2333333333333334
2.3333333333333335
3.95
3.1166666666666667
3.8
3.15
4.266666666666667
2.783333333333333
2.6666666666666665
2.4
2.3833333333333333
4.016666666666667
2.2333333333333334
3.9166666666666665
2.6
2.8
4.316666666666666
2.933333333333333
2.7666666666666666
2.533333333333333
2.75
3.95
2.75
2.7
3.783333333333333
4.016666666666667
4.133333333333334
3.1666666666666665
2.45
4.216666666666667
2.25
2.0166666666666666
2.783333333333333
2.5833333333333335
3.3
2.283333333333333
3.8
2.8
3.1666666666666665
3.5166666666666666
3.033333333333333
4.383333333333334
4.066666666666666
2.6166666666666667
2.9
2.4166666666666665
3.4833333333333334
3.066666666666667
2.566666666666667
4.416666666666667
2.95
2.1
3.066666666666667
3.5
3.216666666666667
2.066666666666667
3.783333333333333
2.8
3.783333333333333
3.1666666666666665
3.033333333333333
1.4333333333333333
2.283333333333333
2.65
2.6
4.1
1.6833333333333333
2.7666666666666666
3.1166666666666667
2.35
3.933333333333333
3.1666666666666665
4.116666666666666
3.8
4.016666666666667
2.6666666666666665
3.1333333333333333
3.9833333333333334
3.8666666666666667
2.9
2.5
2.85
3.6166666666666667
1.9666666666666666
3.3
1.5333333333333334
4.083333333333333
2.3833333333333333
4.0
3.2
3.5166666666666666
3.35
2.7666666666666666
2.783333333333333
3.566666666666667
2.9833333333333334
3.2666666666666666
3.8333333333333335
4.0
4.0
3.35
3.0166666666666666
3.05
3.35
2.4166666666666665
3.8333333333333335
3.9833333333333334
4.216666666666667
3.783333333333333
2.933333333333333
3.033333333333333
3.9
2.3
3.783333333333333
2.533333333333333
4.1
4.366666666666666
3.0
2.716666666666667
2.466666666666667
4.316666666666666
3.5833333333333335
2.05
2.3833333333333333
3.933333333333333
2.8833333333333333
2.8833333333333333
3.6
3.716666666666667
1.6
2.183333333333333
3.533333333333333
2.433333333333333
2.4833333333333334
2.066666666666667
2.783333333333333
2.6666666666666665
2.65
3.6666666666666665
3.0166666666666666
3.3666666666666667
3.7333333333333334
3.35
3.5
3.966666666666667
3.7333333333333334
2.6166666666666667
2.8666666666666667
3.3
2.216666666666667
3.45
2.7
2.783333333333333
3.8666666666666667
2.5833333333333335
3.1
2.7666666666666666
3.816666666666667
4.316666666666666
3.683333333333333
3.816666666666667
3.5
3.316666666666667
2.0833333333333335
2.8666666666666667
2.933333333333333
3.7666666666666666
3.4
3.3666666666666667
1.8666666666666667
3.65
3.9833333333333334
2.1333333333333333
3.95
2.316666666666667
4.033333333333333
3.316666666666667
2.2666666666666666
3.05
3.5166666666666666
2.75
2.0
2.65
4.2
2.2333333333333334
2.3833333333333333
3.1166666666666667
2.5166666666666666
2.9833333333333334
3.816666666666667
2.283333333333333
3.65
3.15
2.95
3.183333333333333
2.7
2.783333333333333
2.6666666666666665
3.216666666666667
3.45
4.216666666666667
3.15
3.783333333333333
3.033333333333333
2.433333333333333
2.7666666666666666
4.183333333333334
4.316666666666666
3.8833333333333333
3.85
1.6833333333333333
2.5833333333333335
4.116666666666666
3.183333333333333
2.5
3.1333333333333333
3.2333333333333334
2.6666666666666665
3.1166666666666667
3.9
1.4
3.1166666666666667
3.4833333333333334
2.966666666666667
3.9166666666666665
2.9
2.6333333333333333
4.4
1.8333333333333333
2.283333333333333
3.65
2.7666666666666666
3.8666666666666667
2.033333333333333
3.966666666666667
2.9166666666666665
2.25
3.6333333333333333
4.066666666666666
2.6666666666666665
2.3666666666666667
2.466666666666667
1.55
4.183333333333334
2.6666666666666665
3.8
3.8333333333333335
3.05
4.133333333333334
1.7166666666666666
3.5166666666666666
4.216666666666667
1.8666666666666667
3.8833333333333333
4.233333333333333
2.3833333333333333
4.233333333333333
3.35
2.966666666666667
4.016666666666667
4.016666666666667
1.9666666666666666
1.8333333333333333
2.7
2.9
1.9666666666666666
3.6
2.5166666666666666
3.55
2.75
2.5833333333333335
2.8666666666666667
2.533333333333333
4.166666666666667
2.8333333333333335
3.066666666666667
3.2333333333333334
3.2333333333333334
3.3333333333333335
3.4
3.3666666666666667
2.7
2.3333333333333335
2.8833333333333333
3.9
3.15
2.6666666666666665
1.9833333333333334
2.716666666666667
2.0166666666666666
3.1
3.55
3.816666666666667
3.5
2.9
2.1666666666666665
3.3
3.2666666666666666
4.1
2.7666666666666666
4.183333333333334
3.0166666666666666
4.416666666666667
3.9833333333333334
3.683333333333333
2.066666666666667
4.1
3.1333333333333333
2.9166666666666665
3.066666666666667
3.75
4.1
3.8833333333333333
3.6
4.283333333333333
4.283333333333333
3.9166666666666665
2.216666666666667
4.5
4.333333333333333
2.3666666666666667
3.683333333333333
3.9833333333333334
3.933333333333333
3.65
2.5
2.9166666666666665
3.6166666666666667
2.3333333333333335
2.6166666666666667
2.2
3.8
2.5166666666666666
2.7333333333333334
2.65
4.233333333333333
2.9833333333333334
2.3
4.233333333333333
3.433333333333333
3.6666666666666665
3.683333333333333
3.7666666666666666
4.116666666666666
3.7
3.283333333333333
3.3333333333333335
3.3666666666666667
2.8
4.133333333333334
3.283333333333333
4.05
4.316666666666666
3.2666666666666666
2.6166666666666667
4.166666666666667
3.8833333333333333
3.433333333333333
3.1166666666666667
3.183333333333333
2.783333333333333
3.216666666666667
3.35
3.2
2.8333333333333335
4.2
3.7
2.1333333333333333
3.95
2.8
2.3
3.433333333333333
3.3333333333333335
2.8833333333333333
2.0166666666666666
3.9833333333333334
3.183333333333333
2.7666666666666666
3.216666666666667
2.533333333333333
4.316666666666666
3.3666666666666667
3.2
3.566666666666667
2.716666666666667
3.933333333333333
4.15
2.2
3.9166666666666665
2.8333333333333335
3.066666666666667
3.85
3.216666666666667
4.316666666666666
2.433333333333333
3.683333333333333
3.3833333333333333
4.35
3.6666666666666665
4.216666666666667
2.35
4.2
3.316666666666667
2.6666666666666665
3.716666666666667
3.8333333333333335
3.8
3.1166666666666667
2.9
4.383333333333334
3.816666666666667
3.433333333333333
4.05
3.4833333333333334
4.166666666666667
3.3333333333333335
3.9
1.2833333333333334
3.1166666666666667
3.55
2.0166666666666666
3.716666666666667
3.566666666666667
4.133333333333334
4.316666666666666
3.0166666666666666
3.466666666666667
4.333333333333333
3.4
3.966666666666667
3.9
3.3
3.283333333333333
2.716666666666667
2.9833333333333334
4.4
3.1666666666666665
4.033333333333333
2.2666666666666666
4.083333333333333
2.933333333333333
3.3833333333333333
3.8
3.716666666666667
2.6166666666666667
4.033333333333333
3.6333333333333333
3.75
2.3333333333333335
4.083333333333333
2.033333333333333
2.8333333333333335
3.55
3.7666666666666666
2.25
4.033333333333333
4.0
2.5166666666666666
2.75
2.8
4.05
4.033333333333333
4.116666666666666
4.15
4.166666666666667
1.8166666666666667
2.9166666666666665
2.9166666666666665
4.05
2.2
3.566666666666667
3.0833333333333335
3.716666666666667
3.4166666666666665
4.016666666666667
3.9
2.316666666666667
4.383333333333334
3.7666666666666666
4.066666666666666
3.783333333333333
2.466666666666667
2.9166666666666665
3.3333333333333335
3.9
2.2333333333333334
4.333333333333333
3.6166666666666667
3.716666666666667
4.083333333333333
3.6166666666666667
3.3833333333333333
3.9166666666666665
2.3833333333333333
1.5333333333333334
2.45
3.466666666666667
2.9166666666666665
3.283333333333333
4.133333333333334
3.3
4.283333333333333
2.4166666666666665
3.9166666666666665
3.8833333333333333
3.9833333333333334
4.016666666666667
2.933333333333333
3.95
4.483333333333333
3.533333333333333
3.0833333333333335
3.0833333333333335
2.5
3.6666666666666665
3.6333333333333333
3.1333333333333333
2.783333333333333
4.3
3.3833333333333333
3.5166666666666666
3.6666666666666665
2.7
2.7333333333333334
2.3666666666666667
3.6333333333333333
4.05
2.033333333333333
3.966666666666667
3.8
2.933333333333333
4.016666666666667
4.166666666666667
3.683333333333333
4.133333333333334
2.966666666666667
4.033333333333333
3.566666666666667
3.283333333333333
3.816666666666667
4.05
3.5833333333333335
1.3666666666666667
3.183333333333333
3.5833333333333335
4.233333333333333
3.8333333333333335
4.266666666666667
2.85
4.116666666666666
3.7666666666666666
3.25
3.65
3.5
3.216666666666667
3.1333333333333333
3.2333333333333334
3.3666666666666667
3.7333333333333334
1.7333333333333334
3.3833333333333333
3.75
2.966666666666667
3.816666666666667
3.433333333333333
3.1666666666666665
3.966666666666667
3.7333333333333334
2.9833333333333334
3.4833333333333334
3.5
3.566666666666667
3.75
3.716666666666667
3.8833333333333333
3.65
3.216666666666667
3.216666666666667
3.6166666666666667
2.7
2.933333333333333
4.316666666666666
3.1666666666666665
3.85
3.6333333333333333
2.95
3.683333333333333
3.2
4.116666666666666
3.9
3.7666666666666666
4.316666666666666
3.9
3.85
2.7666666666666666
4.066666666666666
3.0166666666666666
1.15
2.7333333333333334
3.033333333333333
4.066666666666666
3.966666666666667
3.8333333333333335
4.0
3.6666666666666665
3.316666666666667
3.933333333333333
2.933333333333333
3.433333333333333
4.033333333333333
3.7
3.716666666666667
4.383333333333334
4.033333333333333
3.216666666666667
3.2666666666666666
3.8
2.816666666666667
4.033333333333333
1.6833333333333333
4.283333333333333
4.1
3.95
3.9
2.7333333333333334
3.933333333333333
3.316666666666667
2.5166666666666666
3.6
2.95
4.033333333333333
3.183333333333333
3.85
3.1
3.65
4.2
3.5166666666666666
3.216666666666667
3.7
4.033333333333333
3.683333333333333
2.85
4.066666666666666
3.466666666666667
4.45
3.933333333333333
3.683333333333333
2.9166666666666665
3.3333333333333335
3.033333333333333
3.55
2.7666666666666666
3.9166666666666665
1.7
3.6666666666666665
3.8833333333333333
2.9833333333333334
3.716666666666667
4.033333333333333
3.8
3.466666666666667
3.433333333333333
3.433333333333333
3.933333333333333
3.2333333333333334
3.65
2.0
3.8
3.9
3.75
4.2
3.8333333333333335
3.3833333333333333
3.7333333333333334
3.5166666666666666
3.2333333333333334
3.55
4.116666666666666
4.2
3.2333333333333334
3.7
3.6333333333333333
4.033333333333333
1.6166666666666667
1.3833333333333333
3.55
2.316666666666667
3.9
3.033333333333333
4.216666666666667
3.966666666666667
4.0
4.066666666666666
2.85
3.3833333333333333
3.6166666666666667
3.5
3.8333333333333335
4.233333333333333
3.1666666666666665
3.2333333333333334
3.533333333333333
3.7
4.133333333333334
3.9833333333333334
3.95
3.4
4.133333333333334
3.9833333333333334
3.3
3.75
4.016666666666667
3.8333333333333335
3.966666666666667
2.5
3.7
4.3
3.5833333333333335
3.7666666666666666
3.066666666666667
3.35
3.4
2.7666666666666666
4.1
3.466666666666667
4.116666666666666
4.216666666666667
3.8
3.8333333333333335
3.75
3.7666666666666666
3.533333333333333
3.933333333333333
3.716666666666667
1.0666666666666667
3.7
4.466666666666667
4.15
3.816666666666667
3.9166666666666665
3.066666666666667
3.75
3.5833333333333335
3.466666666666667
3.0166666666666666
4.483333333333333
3.7
3.95
3.7
3.466666666666667
3.1666666666666665
3.433333333333333
3.3
3.5166666666666666
4.2
3.3333333333333335
3.8666666666666667
4.0
2.966666666666667
3.3666666666666667
2.783333333333333
3.6166666666666667
2.533333333333333
1.6333333333333333
3.8833333333333333
3.55
3.9
3.9833333333333334
3.15
2.0833333333333335
3.066666666666667
3.7666666666666666
4.1
4.033333333333333
2.7666666666666666
1.1166666666666667
3.433333333333333
1.6333333333333333
4.0
3.783333333333333
2.466666666666667
3.9833333333333334
3.8333333333333335
3.3666666666666667
3.8666666666666667
1.1666666666666667
2.8
3.6166666666666667
3.816666666666667
3.3333333333333335
4.383333333333334
3.6333333333333333
3.2
3.283333333333333
3.2
1.8
4.066666666666666
2.6166666666666667
2.966666666666667
3.0
4.05
3.316666666666667
3.1333333333333333
3.566666666666667
3.7
3.683333333333333
3.2333333333333334
3.55
3.2666666666666666
3.6166666666666667
3.466666666666667
3.8
4.066666666666666
4.0
3.966666666666667
3.5
3.2
3.95
4.066666666666666
4.5
4.416666666666667
3.25
3.35
2.9833333333333334
3.683333333333333
2.716666666666667
3.8833333333333333
4.333333333333333
4.433333333333334
3.8333333333333335
3.6166666666666667
3.7333333333333334
4.266666666666667
3.8333333333333335
3.683333333333333
3.3
4.25
3.9
3.65
4.316666666666666
4.0
4.016666666666667
3.25
3.4
3.05
3.3333333333333335
2.316666666666667
4.016666666666667
2.1666666666666665
3.1333333333333333
3.5
3.1
2.75
3.2666666666666666
3.716666666666667
3.8666666666666667
3.5
3.8
3.8
2.5833333333333335
3.45
3.8833333333333333
3.75
3.8833333333333333
3.566666666666667
2.933333333333333
3.4
4.066666666666666
3.716666666666667
3.3666666666666667
4.316666666666666
2.816666666666667
3.7
3.1333333333333333
4.066666666666666
3.45
4.2
4.0
3.8333333333333335
3.8833333333333333
3.533333333333333
3.716666666666667
2.816666666666667
2.283333333333333
4.2
3.8833333333333333
3.6
2.6166666666666667
3.0166666666666666
2.966666666666667
3.566666666666667
3.6
3.8833333333333333
3.1666666666666665
1.7833333333333334
3.65
4.1
3.2666666666666666
3.9
4.1
4.0
2.783333333333333
2.8833333333333333
3.9833333333333334
2.283333333333333
3.8833333333333333
3.783333333333333
3.8
3.566666666666667
4.0
4.066666666666666
3.95
1.6666666666666667
3.8333333333333335
4.116666666666666
1.6666666666666667
3.5
2.566666666666667
3.0166666666666666
3.933333333333333
3.2333333333333334
3.683333333333333
2.0833333333333335
3.683333333333333
3.683333333333333
3.55
3.25
3.6166666666666667
3.05
3.5166666666666666
4.066666666666666
3.966666666666667
4.083333333333333
3.65
2.033333333333333
3.9
3.8833333333333333
4.016666666666667
3.3333333333333335
3.3
2.0833333333333335
3.1666666666666665
3.466666666666667
3.85
3.4833333333333334
3.8666666666666667
3.85
3.5166666666666666
3.65
3.5166666666666666
4.116666666666666
2.716666666666667
3.8
2.8666666666666667
2.5833333333333335
3.3
3.816666666666667
3.8833333333333333
3.1166666666666667
3.05
4.566666666666666
3.15
3.25
2.8833333333333333
1.4166666666666667
3.4833333333333334
4.183333333333334
3.7666666666666666
1.9833333333333334
4.016666666666667
4.066666666666666
4.166666666666667
4.083333333333333
2.85
4.066666666666666
2.8666666666666667
4.083333333333333
3.55
3.8
3.033333333333333
3.183333333333333
4.466666666666667
3.5166666666666666
4.266666666666667
2.466666666666667
2.9833333333333334
3.9166666666666665
3.5
4.55
1.9666666666666666
3.7
3.4
3.466666666666667
3.283333333333333
3.8
2.8333333333333335
3.8333333333333335
1.8833333333333333
3.216666666666667
3.3833333333333333
4.2
4.233333333333333
3.3833333333333333
1.85
3.216666666666667
3.8833333333333333
3.033333333333333
3.5
3.933333333333333
3.216666666666667
1.45
4.016666666666667
3.5
3.283333333333333
2.9833333333333334
3.65
3.033333333333333
1.6333333333333333
3.316666666666667
2.2333333333333334
2.85
4.05
3.9833333333333334
3.8
2.466666666666667
3.6333333333333333
3.683333333333333
3.1333333333333333
2.7333333333333334
2.716666666666667
2.8
3.9166666666666665
3.4166666666666665
3.8333333333333335
1.15
4.266666666666667
3.7
3.0833333333333335
4.416666666666667
3.8
3.15
3.95
3.533333333333333
2.9166666666666665
3.033333333333333
4.15
3.683333333333333
4.066666666666666
3.8666666666666667
3.566666666666667
3.1333333333333333
2.966666666666667
4.033333333333333
3.3833333333333333
3.65
3.6666666666666665
4.033333333333333
2.8333333333333335
3.966666666666667
3.466666666666667
3.1666666666666665
2.933333333333333
2.9833333333333334
4.016666666666667
3.5
2.466666666666667
3.3833333333333333
3.0
2.3
3.35
3.6
4.2
2.966666666666667
3.7
3.716666666666667
1.8666666666666667
2.783333333333333
3.1166666666666667
2.45
1.4
3.4833333333333334
3.2
2.216666666666667
3.433333333333333
2.65
3.1333333333333333
2.466666666666667
3.6666666666666665
3.216666666666667
3.066666666666667
1.7
3.466666666666667
2.7666666666666666
4.016666666666667
2.816666666666667
2.9
3.033333333333333
2.316666666666667
2.783333333333333
3.8833333333333333
3.5166666666666666
3.4
4.05
1.0333333333333334
2.3833333333333333
2.6666666666666665
3.6166666666666667
2.6666666666666665
4.216666666666667
1.75
3.8
1.8833333333333333
1.8166666666666667
3.1
2.9166666666666665
1.9333333333333333
4.083333333333333
4.75
2.65
2.1166666666666667
1.0833333333333333
4.45
3.9166666666666665
2.566666666666667
3.533333333333333
3.7666666666666666
3.2666666666666666
3.8833333333333333
2.3333333333333335
4.183333333333334
1.0166666666666666
1.8
1.9666666666666666
3.5
4.166666666666667
2.0166666666666666
3.8333333333333335
3.9
2.683333333333333
1.3166666666666667
1.6
1.4333333333333333
2.7333333333333334
2.7333333333333334
3.55
